1
2592
2662
1
2730
2800
1
2869
2972
1
3426
3495
1
3587
3653
1
3725
3801
1
4491
4560
1
4662
4719
1
4827
4917
1
5058
5162
1
5316
5433
1
5598
5725
1
5850
5983
1
6142
6255
1
6423
6526
1
6708
6808
1
6949
7076
1
7782
7858
1
7950
8023
1
8102
8198
1
8814
8881
1
9006
9072
1
9177
9274
1
9405
9512
1
9654
9753
1
9912
10018
1
10180
10283
1
10441
10541
1
10703
10809
1
10931
11034
2
11256
11708
2
11860
12248
2
12426
12875
2
13050
13136
2
13248
13338
2
13430
13510
2
13618
14047
2
14179
14486
2
14655
15174
2
15303
15396
2
15508
15614
2
15733
16171
2
16343
16597
2
16819
17254
2
17472
17579
2
17704
17814
2
17985
18350
2
18518
18816
2
19021
19540
2
19682
19792
2
19921
20020
2
20175
20624
2
20796
20902
2
21050
21150
2
21319
21821
2
21963
22063
2
22185
22271
2
22409
22781
2
22949
23056
2
23181
23287
2
23469
23894
2
24030
24321
2
24555
26058
2
26281
26384
2
26522
26626
2
26777
27270
2
27415
27508
2
27633
27719
2
27861
28360
2
28525
28642
2
28774
28887
2
29035
29333
2
29508
30494
2
30673
30776
2
30921
31034
2
31173
31612
2
31760
31880
2
31999
32115
2
32247
32679
2
32841
32944
2
33072
33182
2
33341
33702
2
33880
34882
2
35040
35140
2
35272
35389
2
35527
35821
2
36049
37071
2
37254
37361
2
37499
37609
2
37760
38092
2
38264
39249
2
39401
39521
2
39653
39766
2
39928
40280
2
40451
40736
2
40974
41329
2
41520
41700
2
42002
43488
2
43739
43879
2
44047
44177
2
44345
44660
2
44871
45072
2
45366
45718
2
45969
46280
2
46552
48186
2
48375
48488
2
48627
48757
2
48912
49367
2
49559
50068
2
50243
50844
2
51023
51566
2
52521
55181
